18
0

Stage2_Ani1.png		255	0	255	1080	600	100
Stage2_Ani2.png		255	0	255	1080	600	100
Stage2_Ani3.png		255	0	255	1080	600	100
Stage2_Ani4.png		255	0	255	1080	600	100
Stage2_Ani5.png		255	0	255	1080	600	100
Stage2_Ani6.png		255	0	255	1080	600	100
Stage2_Ani7.png		255	0	255	1080	600	100
Stage2_Ani8.png		255	0	255	1080	600	100
Stage2_Ani9.png		255	0	255	1080	600	100
Stage2_Ani10.png	255	0	255	1080	600	100
Stage2_Ani11.png	255	0	255	1080	600	100
Stage2_Ani12.png		255	0	255	1080	600	100
Stage2_Ani13.png	255	0	255	1080	600	100
Stage2_Ani14.png	255	0	255	1080	600	100
Stage2_Ani15.png		255	0	255	1080	600	100
Stage2_Ani16.png		255	0	255	1080	600	100
Stage2_Ani17.png	255	0	255	1080	600	100
Stage2_Ani18.png		255	0	255	1080	600	100
