41
0

Stage1_Ani1.png	255	0	255	1080	600	100
Stage1_Ani2.png	255	0	255	1080	600	100
Stage1_Ani3.png	255	0	255	1080	600	100
Stage1_Ani4.png	255	0	255	1080	600	100
Stage1_Ani5.png	255	0	255	1080	600	100
Stage1_Ani6.png	255	0	255	1080	600	100
Stage1_Ani7.png	255	0	255	1080	600	100
Stage1_Ani8.png	255	0	255	1080	600	100
Stage1_Ani9.png	255	0	255	1080	600	100
Stage1_Ani10.png	255	0	255	1080	600	100
Stage1_Ani11.png	255	0	255	1080	600	100
Stage1_Ani12.png	255	0	255	1080	600	100
Stage1_Ani13.png	255	0	255	1080	600	100
Stage1_Ani14.png	255	0	255	1080	600	100
Stage1_Ani15.png	255	0	255	1080	600	100
Stage1_Ani16.png	255	0	255	1080	600	100
Stage1_Ani17.png	255	0	255	1080	600	100
Stage1_Ani18.png	255	0	255	1080	600	200
Stage1_Ani19.png	255	0	255	1080	600	200
Stage1_Ani20.png	255	0	255	1080	600	200
Stage1_Ani21.png	255	0	255	1080	600	200
Stage1_Ani22.png	255	0	255	1080	600	200
Stage1_Ani23.png	255	0	255	1080	600	200
Stage1_Ani24.png	255	0	255	1080	600	200
Stage1_Ani25.png	255	0	255	1080	600	200
Stage1_Ani26.png	255	0	255	1080	600	200
Stage1_Ani27.png	255	0	255	1080	600	200
Stage1_Ani28.png	255	0	255	1080	600	200
Stage1_Ani29.png	255	0	255	1080	600	200
Stage1_Ani30.png	255	0	255	1080	600	200
Stage1_Ani31.png	255	0	255	1080	600	200
Stage1_Ani32.png	255	0	255	1080	600	200
Stage1_Ani33.png	255	0	255	1080	600	70
Stage1_Ani34.png	255	0	255	1080	600	70
Stage1_Ani35.png	255	0	255	1080	600	70
Stage1_Ani36.png	255	0	255	1080	600	70
Stage1_Ani37.png	255	0	255	1080	600	70
Stage1_Ani38.png	255	0	255	1080	600	70
Stage1_Ani39.png	255	0	255	1080	600	70
Stage1_Ani40.png	255	0	255	1080	600	70
Stage1_Ani41.png	255	0	255	1080	600	70

